Simulation 3 (R = 1000 , seed = 20260903 ; R_D1 = 5000 ; bootstrap R = 200 x B = 200 )
tau(4) = 0.1896 outcome units (untreated SD 1.146 -> tau(4) = 0.166 SD)

Part A: estimators (bias against own target; coverage with influence-function standard errors)
       regime gamma estimator        target  bias_own mcse_bias  bias_pop
         MCAR   0.3     naive   target_surv  5.24e-04   0.00135  4.84e-04
         MCAR   0.3        sm   target_surv -7.08e-05   0.00159 -1.11e-04
         MCAR   0.3       ssm target_surv_s -9.36e-05   0.00168 -1.44e-04
         MCAR   0.3       ipw    target_pop  4.59e-04   0.00134  4.59e-04
         MCAR   0.3        ec   target_surv  5.50e-04   0.00136  5.10e-04
         MCAR   0.0     naive   target_surv  5.24e-04   0.00135  5.24e-04
         MCAR   0.0        sm   target_surv -7.08e-05   0.00159 -7.08e-05
         MCAR   0.0       ssm target_surv_s -9.36e-05   0.00168 -9.36e-05
         MCAR   0.0       ipw    target_pop  4.99e-04   0.00134  4.99e-04
         MCAR   0.0        ec   target_surv  5.50e-04   0.00136  5.50e-04
        MAR_X   0.3     naive   target_surv -5.80e-02   0.00134 -5.80e-02
        MAR_X   0.3        sm   target_surv -1.41e-03   0.00169 -1.41e-03
        MAR_X   0.3       ssm target_surv_s -1.55e-03   0.00182 -1.55e-03
        MAR_X   0.3       ipw    target_pop -1.20e-03   0.00133 -1.20e-03
        MAR_X   0.3        ec   target_surv -1.34e-03   0.00139 -1.34e-03
        MAR_X   0.0     naive   target_surv -5.80e-02   0.00134 -5.80e-02
        MAR_X   0.0        sm   target_surv -1.41e-03   0.00169 -1.41e-03
        MAR_X   0.0       ssm target_surv_s -1.55e-03   0.00182 -1.55e-03
        MAR_X   0.0       ipw    target_pop -1.20e-03   0.00133 -1.20e-03
        MAR_X   0.0        ec   target_surv -1.34e-03   0.00139 -1.34e-03
   MNAR_trait   0.3     naive   target_surv -1.98e-01   0.00138 -2.17e-01
   MNAR_trait   0.3        sm   target_surv  4.26e-04   0.00171 -1.95e-02
   MNAR_trait   0.3       ssm target_surv_s  1.67e-03   0.00181 -2.19e-02
   MNAR_trait   0.3       ipw    target_pop -1.98e-01   0.00138 -1.98e-01
   MNAR_trait   0.3        ec   target_surv -7.13e-04   0.00141 -2.06e-02
   MNAR_trait   0.0     naive   target_surv -1.98e-01   0.00138 -1.98e-01
   MNAR_trait   0.0        sm   target_surv  4.26e-04   0.00171  4.26e-04
   MNAR_trait   0.0       ssm target_surv_s  1.67e-03   0.00181  1.67e-03
   MNAR_trait   0.0       ipw    target_pop -1.78e-01   0.00138 -1.78e-01
   MNAR_trait   0.0        ec   target_surv -7.13e-04   0.00141 -7.13e-04
 MNAR_nonstat   0.3     naive   target_surv -2.79e-01   0.00139 -3.08e-01
 MNAR_nonstat   0.3        sm   target_surv -8.09e-02   0.00165 -1.10e-01
 MNAR_nonstat   0.3       ssm target_surv_s -6.81e-02   0.00178 -1.00e-01
 MNAR_nonstat   0.3       ipw    target_pop -2.92e-01   0.00138 -2.92e-01
 MNAR_nonstat   0.3        ec   target_surv -1.68e-03   0.00142 -3.11e-02
 MNAR_nonstat   0.0     naive   target_surv -2.79e-01   0.00139 -2.79e-01
 MNAR_nonstat   0.0        sm   target_surv -8.09e-02   0.00165 -8.09e-02
 MNAR_nonstat   0.0       ssm target_surv_s -6.81e-02   0.00178 -6.81e-02
 MNAR_nonstat   0.0       ipw    target_pop -2.62e-01   0.00138 -2.62e-01
 MNAR_nonstat   0.0        ec   target_surv -1.68e-03   0.00142 -1.68e-03
   MNAR_state   0.3     naive   target_surv -1.27e-01   0.00138 -1.39e-01
   MNAR_state   0.3        sm   target_surv  1.04e-01   0.00171  9.24e-02
   MNAR_state   0.3       ssm target_surv_s  2.43e-03   0.00181 -1.18e-02
   MNAR_state   0.3       ipw    target_pop -1.15e-01   0.00139 -1.15e-01
   MNAR_state   0.3        ec   target_surv  1.03e-01   0.00143  9.16e-02
   MNAR_state   0.0     naive   target_surv -1.27e-01   0.00138 -1.27e-01
   MNAR_state   0.0        sm   target_surv  1.04e-01   0.00171  1.04e-01
   MNAR_state   0.0       ssm target_surv_s  2.43e-03   0.00181  2.43e-03
   MNAR_state   0.0       ipw    target_pop -1.03e-01   0.00138 -1.03e-01
   MNAR_state   0.0        ec   target_surv  1.03e-01   0.00143  1.03e-01
    MNAR_both   0.3     naive   target_surv -2.92e-01   0.00135 -3.23e-01
    MNAR_both   0.3        sm   target_surv  1.19e-02   0.00173 -1.91e-02
    MNAR_both   0.3       ssm target_surv_s -6.15e-02   0.00184 -9.54e-02
    MNAR_both   0.3       ipw    target_pop -3.06e-01   0.00135 -3.06e-01
    MNAR_both   0.3        ec   target_surv  7.83e-02   0.00143  4.73e-02
    MNAR_both   0.0     naive   target_surv -2.92e-01   0.00135 -2.92e-01
    MNAR_both   0.0        sm   target_surv  1.19e-02   0.00173  1.19e-02
    MNAR_both   0.0       ssm target_surv_s -6.15e-02   0.00184 -6.15e-02
    MNAR_both   0.0       ipw    target_pop -2.75e-01   0.00135 -2.75e-01
    MNAR_both   0.0        ec   target_surv  7.83e-02   0.00143  7.83e-02
 rmse_own sd_est mean_se cover95 mcse_cover target_pop target_surv
   0.0425 0.0428  0.0425   0.941    0.00745       0.19       0.190
   0.0502 0.0505  0.0502   0.949    0.00696       0.19       0.190
   0.0532 0.0535  0.0529   0.946    0.00715       0.19       0.190
   0.0425 0.0426      NA      NA         NA       0.19       0.190
   0.0429 0.0432  0.0433   0.948    0.00702       0.19       0.190
   0.0425 0.0426  0.0422   0.941    0.00745       0.19       0.190
   0.0502 0.0502  0.0500   0.949    0.00696       0.19       0.190
   0.0532 0.0532  0.0527   0.946    0.00715       0.19       0.190
   0.0424 0.0424      NA      NA         NA       0.19       0.190
   0.0429 0.0430  0.0431   0.948    0.00702       0.19       0.190
   0.0717 0.0425  0.0436   0.747    0.01375       0.19       0.190
   0.0534 0.0536  0.0555   0.960    0.00620       0.19       0.190
   0.0577 0.0579  0.0597   0.952    0.00676       0.19       0.190
   0.0421 0.0422      NA      NA         NA       0.19       0.190
   0.0439 0.0440  0.0449   0.957    0.00641       0.19       0.190
   0.0717 0.0422  0.0433   0.745    0.01378       0.19       0.190
   0.0534 0.0534  0.0553   0.959    0.00627       0.19       0.190
   0.0577 0.0577  0.0595   0.951    0.00683       0.19       0.190
   0.0419 0.0419      NA      NA         NA       0.19       0.190
   0.0439 0.0439  0.0447   0.955    0.00656       0.19       0.190
   0.2023 0.0438  0.0429   0.003    0.00173       0.19       0.170
   0.0540 0.0541  0.0524   0.945    0.00721       0.19       0.170
   0.0573 0.0574  0.0553   0.943    0.00733       0.19       0.170
   0.2027 0.0438      NA      NA         NA       0.19       0.170
   0.0447 0.0448  0.0443   0.945    0.00721       0.19       0.170
   0.2023 0.0436  0.0427   0.003    0.00173       0.19       0.190
   0.0540 0.0540  0.0522   0.943    0.00733       0.19       0.190
   0.0573 0.0573  0.0552   0.942    0.00739       0.19       0.190
   0.1831 0.0436      NA      NA         NA       0.19       0.190
   0.0447 0.0447  0.0442   0.944    0.00727       0.19       0.190
   0.2822 0.0440  0.0429   0.000    0.00000       0.19       0.160
   0.0963 0.0524  0.0523   0.653    0.01505       0.19       0.160
   0.0882 0.0563  0.0552   0.760    0.01351       0.19       0.160
   0.2949 0.0438      NA      NA         NA       0.19       0.160
   0.0449 0.0450  0.0446   0.946    0.00715       0.19       0.160
   0.2822 0.0439  0.0427   0.000    0.00000       0.19       0.190
   0.0963 0.0523  0.0522   0.651    0.01507       0.19       0.190
   0.0882 0.0562  0.0550   0.759    0.01352       0.19       0.190
   0.2656 0.0436      NA      NA         NA       0.19       0.190
   0.0449 0.0449  0.0445   0.946    0.00715       0.19       0.190
   0.1343 0.0440  0.0435   0.166    0.01177       0.19       0.178
   0.1172 0.0542  0.0536   0.528    0.01579       0.19       0.178
   0.0572 0.0574  0.0573   0.953    0.00669       0.19       0.178
   0.1228 0.0440      NA      NA         NA       0.19       0.178
   0.1127 0.0454  0.0451   0.362    0.01520       0.19       0.178
   0.1343 0.0437  0.0433   0.164    0.01171       0.19       0.190
   0.1172 0.0539  0.0534   0.524    0.01579       0.19       0.190
   0.0572 0.0572  0.0571   0.951    0.00683       0.19       0.190
   0.1118 0.0438      NA      NA         NA       0.19       0.190
   0.1127 0.0453  0.0449   0.361    0.01519       0.19       0.190
   0.2954 0.0430  0.0433   0.000    0.00000       0.19       0.159
   0.0560 0.0549  0.0530   0.931    0.00801       0.19       0.159
   0.0846 0.0583  0.0562   0.802    0.01260       0.19       0.159
   0.3089 0.0429      NA      NA         NA       0.19       0.159
   0.0904 0.0452  0.0454   0.591    0.01555       0.19       0.159
   0.2954 0.0428  0.0431   0.000    0.00000       0.19       0.190
   0.0560 0.0548  0.0529   0.929    0.00812       0.19       0.190
   0.0846 0.0582  0.0561   0.802    0.01260       0.19       0.190
   0.2779 0.0427      NA      NA         NA       0.19       0.190
   0.0904 0.0451  0.0452   0.588    0.01556       0.19       0.190
 target_surv_s    R
         0.190 1000
         0.190 1000
         0.190 1000
         0.190 1000
         0.190 1000
         0.190 1000
         0.190 1000
         0.190 1000
         0.190 1000
         0.190 1000
         0.190 1000
         0.190 1000
         0.190 1000
         0.190 1000
         0.190 1000
         0.190 1000
         0.190 1000
         0.190 1000
         0.190 1000
         0.190 1000
         0.166 1000
         0.166 1000
         0.166 1000
         0.166 1000
         0.166 1000
         0.190 1000
         0.190 1000
         0.190 1000
         0.190 1000
         0.190 1000
         0.158 1000
         0.158 1000
         0.158 1000
         0.158 1000
         0.158 1000
         0.190 1000
         0.190 1000
         0.190 1000
         0.190 1000
         0.190 1000
         0.175 1000
         0.175 1000
         0.175 1000
         0.175 1000
         0.175 1000
         0.190 1000
         0.190 1000
         0.190 1000
         0.190 1000
         0.190 1000
         0.156 1000
         0.156 1000
         0.156 1000
         0.156 1000
         0.156 1000
         0.190 1000
         0.190 1000
         0.190 1000
         0.190 1000
         0.190 1000

Part A: diagnostics (rejection at 5%; influence-function denominators, and within-group denominators of the previous version)
       regime gamma rej_TNS rej_TSD rej_TNS_within rej_TSD_within  mean_TNS
         MCAR   0.3   0.046   0.053          0.046          0.056 -6.21e-04
         MCAR   0.0   0.046   0.053          0.046          0.056 -6.21e-04
        MAR_X   0.3   0.041   0.056          0.043          0.058 -7.01e-05
        MAR_X   0.0   0.041   0.056          0.043          0.060 -7.01e-05
   MNAR_trait   0.3   0.039   0.056          0.042          0.062  1.14e-03
   MNAR_trait   0.0   0.039   0.044          0.042          0.056  1.14e-03
 MNAR_nonstat   0.3   0.623   0.078          0.647          0.088 -7.92e-02
 MNAR_nonstat   0.0   0.623   0.088          0.647          0.112 -7.92e-02
   MNAR_state   0.3   0.040   0.993          0.044          0.997  8.08e-04
   MNAR_state   0.0   0.040   0.991          0.044          0.993  8.08e-04
    MNAR_both   0.3   0.430   0.945          0.450          0.960 -6.64e-02
    MNAR_both   0.0   0.430   0.930          0.450          0.950 -6.64e-02
  mean_TSD    R mcse_rej_TNS mcse_rej_TSD
 -3.37e-05 1000      0.00662      0.00708
 -2.28e-05 1000      0.00662      0.00708
 -1.34e-04 1000      0.00627      0.00727
 -1.44e-04 1000      0.00627      0.00727
 -2.45e-03 1000      0.00612      0.00727
  1.25e-03 1000      0.00612      0.00649
  1.03e-02 1000      0.01533      0.00848
  1.28e-02 1000      0.01533      0.00896
 -1.04e-01 1000      0.00620      0.00264
 -1.02e-01 1000      0.00620      0.00299
 -7.63e-02 1000      0.01566      0.00721
 -7.34e-02 1000      0.01566      0.00807

Part A: variance check
       regime gamma var_emp_ec var_if_ec var_within_ec var_emp_TNS var_if_TNS
         MCAR   0.3    0.00186   0.00187       0.00187     0.00084    0.00086
         MCAR   0.0    0.00185   0.00186       0.00186     0.00084    0.00086
        MAR_X   0.3    0.00194   0.00201       0.00201     0.00132    0.00142
        MAR_X   0.0    0.00193   0.00200       0.00200     0.00132    0.00142
   MNAR_trait   0.3    0.00201   0.00196       0.00195     0.00116    0.00124
   MNAR_trait   0.0    0.00200   0.00195       0.00194     0.00116    0.00124
 MNAR_nonstat   0.3    0.00203   0.00199       0.00197     0.00118    0.00126
 MNAR_nonstat   0.0    0.00202   0.00198       0.00196     0.00118    0.00126
   MNAR_state   0.3    0.00206   0.00203       0.00202     0.00129    0.00146
   MNAR_state   0.0    0.00205   0.00202       0.00201     0.00129    0.00146
    MNAR_both   0.3    0.00204   0.00206       0.00203     0.00175    0.00152
    MNAR_both   0.0    0.00203   0.00205       0.00202     0.00175    0.00152
 var_within_TNS var_emp_TSD var_if_TSD var_within_TSD cover_ec_if
        0.00086    0.000289   0.000283       0.000283       0.948
        0.00086    0.000287   0.000281       0.000281       0.948
        0.00142    0.000528   0.000499       0.000497       0.957
        0.00142    0.000525   0.000495       0.000493       0.955
        0.00117    0.000351   0.000357       0.000331       0.945
        0.00117    0.000349   0.000354       0.000329       0.944
        0.00118    0.000337   0.000345       0.000322       0.946
        0.00118    0.000336   0.000344       0.000320       0.946
        0.00139    0.000487   0.000498       0.000447       0.362
        0.00139    0.000483   0.000493       0.000443       0.361
        0.00139    0.000428   0.000441       0.000383       0.591
        0.00139    0.000425   0.000437       0.000381       0.588
 cover_ec_within mean_p_surv mean_delta_E    R
           0.948       0.657    -7.02e-05 1000
           0.948       0.657    -7.02e-05 1000
           0.957       0.536    -1.22e-01 1000
           0.955       0.536    -1.22e-01 1000
           0.944       0.575    -4.63e-01 1000
           0.944       0.575    -4.63e-01 1000
           0.945       0.551    -6.18e-01 1000
           0.945       0.551    -6.18e-01 1000
           0.361       0.533    -4.92e-01 1000
           0.359       0.533    -4.92e-01 1000
           0.584       0.513    -7.61e-01 1000
           0.581       0.513    -7.61e-01 1000

Part A: common-random-number pairs of the two gamma blocks
       regime rej_TSD_g030 rej_TSD_g0 diff_rej mcse_diff_rej discordant_pairs
         MCAR        0.053      0.053    0.000       0.00141                2
        MAR_X        0.056      0.056    0.000       0.00141                2
   MNAR_trait        0.056      0.044    0.012       0.00489               24
 MNAR_nonstat        0.078      0.088   -0.010       0.00399               16
   MNAR_state        0.993      0.991    0.002       0.00141                2
    MNAR_both        0.945      0.930    0.015       0.00385               15
 ec_bias_pop_g030 ec_bias_pop_g0 mcse_diff_bias_pop identical_Y0_entry    R
          0.00051       0.000550           1.89e-05               TRUE 1000
         -0.00134      -0.001337           2.37e-05               TRUE 1000
         -0.02060      -0.000713           2.33e-05               TRUE 1000
         -0.03112      -0.001676           2.47e-05               TRUE 1000
          0.09161       0.103240           2.42e-05               TRUE 1000
          0.04730       0.078333           2.58e-05               TRUE 1000

Part D1-D2
                                                                             part
                                     D1 high-separation null (n = 500 per cohort)
 D2 exact counterexample (E = S, Y = 1 among survivors, constant fresh; n = 1000)
    R var_theory_ec var_emp_ec mean_var_if_ec mean_var_within_ec cover_ec_if
 5000       0.00104  0.0010599      0.0010380            0.00054      0.9472
 2000       0.00025  0.0002553      0.0002497            0.00000      0.9405
 cover_ec_within rej_TNS_if rej_TNS_within mcse_cover_ec_if mcse_rej_TNS_if
          0.8388     0.0558         0.7058         0.003163        0.003246
          0.0300         NA             NA               NA              NA

Part D3: influence-function vs person-bootstrap standard errors
                          block   R   B sd_emp_ec mean_se_if_ec mean_se_boot_ec
        D1 high-separation null 200 200   0.02987       0.03222         0.03209
 Part A MNAR_trait, gamma = 0.3 200 200   0.04244       0.04424         0.04425
 Part A MNAR_state, gamma = 0.3 200 200   0.04540       0.04499         0.04476
 mean_se_within_ec cover_ec_if cover_ec_boot sd_emp_TNS mean_se_if_TNS
           0.02325        0.96          0.96    0.03006        0.03223
           0.04414        0.96          0.96    0.03297        0.03514
           0.04487        0.34          0.33    0.03703        0.03805
 mean_se_boot_TNS mean_se_within_TNS
          0.03217           0.006363
          0.03515           0.034198
          0.03820           0.037070
